100
15 95 31 97 83 68 52 53 83 26 71 83 31 33 67 69 13 34 33 15 16 50 69 0 15 96 89 36 90 16 80 89 72 23 20 20 15 36 87 82 69 71 69 15 18 60 41 76 48 38 10 94 35 61 72 12 8 97 15 2 47 96 2 52 57 95 5 3 59 31 85 59 22 45 83 97 46 81 71 36 40 63 9 83 52 86 55 66 88 75 26 50 77 22 49 9 60 8 3 81
50 0 39 56 10 38 11 27 10 5 68 70 57 79 48 98 93 90 3 50 95 14 37 86 60 14 55 99 40 15 47 43 28 88 24 18 51 18 42 2 100 53 91 90 63 19 15 21 100 74 95 18 59 37 73 54 67 75 24 79 84 65 57 20 88 70 86 73 90 45 70 93 62 41 67 62 100 81 27 50 32 48 26 12 22 87 1 35 45 13 40 76 81 15 29 38 0 100 23 0
6 28 84 32 16 48 54 73 51 18 98 79 61 17 68 70 83 86 28 58 47 45 55 76 19 29 32 61 48 91 27 64 28 51 26 91 84 32 58 13 36 17 39 67 33 35 16 100 82 64 84 67 24 44 71 96 40 2 0 23 42 35 65 96 84 68 16 30 18 78 87 61 71 57 75 37 82 13 41 93 90 56 73 78 89 71 57 12 79 14 53 27 46 87 50 41 65 23 67 86
20 100 54 2 56 22 51 76 1 17 31 50 45 66 75 98 59 41 31 95 29 38 26 4 78 57 28 84 27 17 1 54 56 20 39 13 25 42 14 27 49 36 31 9 33 13 21 13 35 77 37 12 82 99 55 45 66 95 45 90 70 2 40 46 26 47 26 34 71 35 97 86 21 93 34 48 15 58 13 63 79 27 92 38 93 84 63 21 74 72 8 4 20 93 54 72 13 2 14 45
83 61 0 49 20 22 66 55 92 46 66 0 19 77 85 22 15 96 87 44 84 99 87 60 41 51 34 56 3 49 50 66 99 54 84 56 4 7 60 36 55 29 18 38 55 42 73 100 67 62 67 10 33 84 4 68 84 52 84 67 39 45 57 10 60 81 31 96 59 73 57 6 35 84 32 9 64 85 92 71 12 30 37 54 0 83 39 86 14 47 27 78 6 38 47 11 92 59 15 31
71 35 17 79 22 55 94 75 2 67 75 33 47 50 96 86 70 88 40 82 53 30 97 42 17 41 70 49 97 59 100 99 8 53 92 10 63 87 94 64 2 64 63 73 92 50 83 20 89 78 79 94 62 46 62 62 36 71 33 27 66 4 10 75 14 11 40 56 48 84 88 22 43 35 72 54 96 100 27 17 44 62 11 39 14 75 88 53 3 97 18 11 76 55 57 25 89 15 9 39
83 83 34 88 18 87 29 94 40 36 16 55 14 80 36 92 70 31 15 70 69 33 91 40 93 23 0 21 85 9 70 36 58 38 66 83 36 10 15 33 36 74 9 65 15 85 72 11 46 98 78 26 67 2 41 40 92 40 17 0 18 96 58 95 65 93 96 98 95 26 60 26 1 13 12 30 21 45 24 45 53 97 87 12 63 77 45 38 51 29 9 67 18 64 63 92 71 46 72 77
45 5 63 60 35 73 41 94 55 13 37 70 10 57 45 98 1 63 83 24 80 65 3 67 61 73 51 23 93 76 18 14 13 6 31 4 24 18 79 16 93 53 0 56 25 19 63 51 93 94 38 35 29 82 79 47 86 6 26 95 81 87 37 90 3 23 34 4 10 32 95 41 23 89 58 46 15 18 36 10 93 75 15 37 58 51 62 45 45 11 40 94 31 7 79 0 82 22 99 36
42 57 18 4 38 59 91 7 28 30 39 84 85 43 2 66 48 1 82 30 24 36 60 21 29 45 78 28 62 47 70 30 67 37 3 50 64 50 59 76 0 5 100 46 17 98 8 81 83 17 16 30 76 18 66 72 14 40 40 66 1 51 1 47 93 9 57 45 33 92 98 65 24 90 49 66 92 37 34 9 73 0 41 63 99 61 29 46 23 59 52 4 6 16 37 81 93 29 48 10
15 18 97 68 38 52 66 96 58 62 14 0 19 45 41 38 26 63 6 2 24 78 29 52 69 10 40 91 98 81 57 98 97 8 74 50 47 78 86 7 4 39 57 65 75 65 44 24 41 93 20 28 16 27 44 7 5 19 25 94 33 88 54 45 75 51 94 19 64 58 10 8 71 30 89 83 62 35 92 27 68 36 67 28 79 39 31 1 86 17 41 61 5 54 76 77 91 17 58 69
24 93 47 6 55 23 7 35 3 12 40 42 17 18 9 2 1 44 74 100 77 0 82 22 91 95 79 6 5 31 71 15 16 21 36 58 2 66 41 87 100 71 62 63 47 34 39 34 68 57 6 43 20 56 92 26 68 55 90 0 3 23 81 38 44 64 72 42 46 38 54 86 94 9 62 32 66 92 61 85 15 31 7 66 54 84 80 11 49 79 92 17 17 47 2 8 30 86 73 32
94 44 30 6 38 0 29 14 2 65 100 30 14 1 55 46 45 67 71 51 13 82 7 66 5 73 16 93 93 27 46 16 66 89 80 6 59 48 75 87 79 68 5 92 7 87 52 8 73 96 71 30 50 41 64 84 45 57 86 30 19 72 45 15 37 54 21 61 36 100 49 20 36 53 69 20 24 12 95 48 84 52 8 3 82 57 79 28 83 39 34 0 47 29 96 72 82 64 14 7
43 89 82 69 21 21 76 22 33 35 94 84 0 54 84 2 71 74 43 62 54 25 34 67 25 12 52 100 36 24 8 37 2 31 85 64 95 10 27 2 7 0 14 96 58 5 64 14 21 70 84 89 0 35 33 13 32 10 93 24 94 4 8 79 9 92 93 99 9 7 77 8 69 53 100 77 55 77 10 95 1 23 32 10 88 94 86 63 85 14 0 84 69 58 2 15 87 9 26 29
57 45 26 80 8 60 68 27 96 97 6 82 73 21 35 97 85 38 93 73 28 54 19 54 24 43 61 7 10 27 27 80 94 58 9 74 12 77 75 73 100 76 85 79 36 22 34 8 72 82 30 84 93 8 73 61 66 54 97 56 42 45 9 3 68 42 26 55 53 31 14 80 40 39 15 3 28 33 96 90 63 55 28 36 42 5 25 39 98 95 6 27 17 95 56 57 15 15 57 19
75 8 63 7 77 18 78 7 81 27 90 36 84 17 93 5 59 26 34 69 42 79 48 31 55 86 79 13 73 93 95 89 5 90 95 24 46 67 48 2 71 44 63 46 71 86 10 42 69 87 91 99 57 62 76 13 13 64 88 16 84 32 74 75 90 20 86 94 45 30 38 64 57 52 56 70 41 81 82 97 0 97 96 92 70 46 40 84 49 24 13 31 47 53 77 61 86 31 96 64
49 15 27 78 49 94 37 73 50 85 45 55 28 59 42 78 15 69 19 20 87 53 63 3 45 41 78 10 32 60 37 15 55 83 66 74 98 48 16 22 10 21 50 24 59 16 81 58 68 36 88 60 45 3 74 0 24 65 57 93 53 62 59 83 72 83 42 32 1 13 10 86 100 89 50 61 20 83 25 15 39 94 86 27 38 88 28 94 36 64 11 70 8 68 49 72 64 40 12 49
17 93 42 1 43 28 59 77 94 90 73 91 13 17 31 17 45 84 27 23 80 56 95 88 45 93 94 60 43 82 79 13 97 100 71 98 50 7 34 89 12 46 33 18 41 98 78 73 68 15 25 55 39 28 47 62 92 6 44 87 50 76 100 45 10 73 4 64 65 69 49 47 32 26 34 64 21 27 51 97 40 10 67 15 11 39 58 86 4 95 11 48 11 30 71 48 4 59 81 95
59 62 96 87 76 13 88 48 10 33 94 25 83 58 39 79 18 25 6 34 98 17 84 6 1 81 77 17 41 64 86 29 14 75 46 90 54 29 51 69 64 91 34 83 24 94 12 0 71 17 23 0 32 19 78 37 95 7 13 41 96 13 21 4 41 7 21 78 82 78 13 30 25 33 88 47 46 9 4 22 38 94 82 19 4 41 8 84 19 34 13 97 8 39 71 86 32 65 98 75
86 51 24 86 94 60 18 65 67 48 99 0 99 98 31 27 88 69 64 34 68 74 27 76 52 24 39 51 31 35 3 17 79 75 100 32 87 38 55 38 26 30 63 55 9 12 17 15 47 46 31 15 76 97 39 32 13 88 18 36 71 80 12 29 94 16 67 75 42 59 68 45 52 31 9 79 90 74 95 6 44 35 46 67 19 94 16 84 84 2 100 46 71 23 21 35 0 37 14 25
50 99 99 13 84 57 76 16 59 20 40 59 51 73 13 28 2 97 29 96 51 33 25 39 93 92 26 89 24 33 62 7 72 39 67 96 99 96 79 9 51 72 50 91 79 36 19 60 69 74 88 62 28 34 47 93 12 21 89 95 89 48 100 75 41 70 55 65 85 28 99 42 44 41 81 60 29 38 38 69 92 76 58 69 15 26 95 85 74 81 35 10 7 2 27 81 30 9 4 0
59 36 86 84 8 57 49 97 61 19 74 55 54 86 12 33 65 74 95 76 84 45 99 63 79 45 57 90 24 23 1 51 76 77 72 27 9 48 79 84 75 50 32 67 48 21 74 31 39 77 26 40 54 29 37 25 21 20 96 79 49 52 41 94 41 39 7 18 35 49 88 40 41 77 51 32 9 47 63 73 28 87 59 3 0 1 47 54 61 96 4 23 48 20 68 6 74 37 11 68
82 72 7 8 91 13 87 78 75 36 43 14 66 86 21 5 58 47 24 90 17 31 22 58 38 98 80 8 88 47 20 0 56 54 91 14 92 49 32 98 96 39 85 28 19 26 93 41 29 45 63 88 62 51 20 84 32 82 96 35 55 32 41 62 87 91 17 49 92 10 57 93 18 55 76 8 0 88 57 26 29 25 70 89 26 19 55 61 25 34 49 84 1 20 11 64 74 40 59 10
83 73 3 59 38 100 60 22 52 37 6 1 58 59 76 16 89 17 35 87 59 11 31 47 45 25 10 12 68 88 39 43 50 33 29 14 89 7 41 19 91 84 48 67 44 15 64 83 87 18 77 4 46 79 51 35 94 2 32 59 46 19 89 54 17 70 81 30 81 20 21 84 23 88 63 10 75 33 75 79 50 40 59 5 4 26 56 13 61 15 92 22 89 73 8 52 46 66 22 30
19 89 82 87 46 91 71 14 84 37 19 55 61 44 71 66 12 11 84 30 8 11 88 82 44 65 19 0 2 99 77 52 75 45 83 70 92 6 98 98 6 24 15 90 63 64 29 43 59 47 23 89 24 66 3 21 98 89 70 42 77 27 65 73 51 7 10 3 33 69 53 12 38 52 25 25 51 17 28 9 91 52 71 67 29 75 97 81 77 38 43 18 36 12 20 40 51 24 66 67
78 41 11 23 58 46 18 14 9 37 46 34 2 75 78 20 60 14 32 76 69 32 92 99 33 12 28 67 36 100 37 19 30 55 13 13 18 66 57 22 19 88 24 16 38 0 36 50 4 23 93 91 69 96 47 62 46 51 23 80 79 77 47 23 94 82 2 11 66 91 54 65 22 10 25 46 57 14 68 53 99 68 58 96 71 67 94 36 78 65 56 73 79 78 46 34 20 58 82 36
32 36 89 40 75 98 88 17 96 79 26 84 29 65 81 33 64 39 30 96 33 98 28 98 15 39 36 85 14 83 45 74 40 84 4 1 8 37 64 82 92 97 9 21 95 97 90 63 60 24 45 77 18 93 4 88 75 100 41 36 8 11 78 11 3 33 38 81 44 17 65 45 71 1 65 78 98 90 84 74 51 41 39 97 20 35 38 90 49 85 19 100 18 57 35 14 68 43 51 53
93 83 21 23 62 12 50 91 18 82 88 55 61 12 100 29 27 40 85 33 49 63 41 69 72 64 74 56 94 56 42 24 71 33 90 32 100 90 44 53 95 44 92 8 83 86 68 3 5 77 65 75 45 49 70 84 48 62 58 60 24 10 10 87 95 18 94 28 59 89 43 41 8 12 45 64 26 28 72 20 43 43 0 48 12 75 89 6 91 20 82 52 73 72 7 50 54 3 91 35
60 72 33 57 18 9 69 32 3 6 90 2 94 89 58 34 72 39 97 46 35 64 51 65 68 15 36 60 57 68 18 79 50 53 19 4 79 2 35 25 41 2 1 91 88 45 71 58 66 24 27 43 30 90 85 31 15 9 8 45 59 36 6 60 25 15 70 82 46 56 3 90 97 94 48 45 59 13 7 77 16 17 37 55 33 35 85 16 82 38 13 93 24 75 12 81 70 7 21 37
56 6 65 35 25 88 92 51 65 27 43 63 43 46 84 51 22 98 83 73 17 12 60 30 16 100 2 6 31 12 49 25 10 48 69 41 16 97 1 10 32 15 18 30 65 26 76 37 7 85 1 70 99 52 63 57 86 45 44 17 86 98 27 94 35 1 34 74 58 93 83 60 19 5 20 26 51 89 15 54 38 25 93 29 65 40 69 93 11 45 90 38 4 69 7 86 99 82 28 94
81 67 19 74 50 80 19 13 62 15 15 51 53 19 12 42 31 62 95 14 68 82 64 26 67 56 97 30 27 50 5 38 100 91 34 62 2 37 20 66 88 67 8 21 47 13 4 1 19 98 69 0 73 75 72 41 89 24 29 64 27 58 18 48 6 15 87 22 40 41 95 89 38 91 50 12 69 26 8 26 17 69 90 11 98 53 73 71 3 23 96 87 95 51 6 78 8 3 84 42
0 98 69 75 37 34 69 40 81 29 92 39 71 10 30 29 16 49 52 79 40 25 20 97 98 31 57 86 77 43 70 52 42 71 40 17 88 60 81 85 6 45 8 19 32 69 4 45 39 10 7 3 52 48 43 90 89 54 27 12 17 46 25 95 1 68 35 65 36 99 6 20 2 6 76 87 82 13 60 48 57 25 95 39 16 3 87 59 35 60 90 2 42 22 79 49 48 80 20 31
12 44 11 53 7 68 73 32 91 77 98 61 66 70 93 29 2 69 34 9 88 19 39 4 43 76 19 51 93 46 4 79 43 29 56 47 15 8 89 84 65 17 48 35 32 51 18 13 93 54 47 24 0 2 99 88 84 48 86 27 47 45 65 57 72 86 63 47 67 19 6 42 38 44 20 5 99 11 86 3 68 30 9 85 53 52 4 77 80 29 58 75 84 30 57 66 39 38 9 93
9 31 18 5 30 43 89 60 55 28 4 24 52 17 33 51 56 23 15 20 84 98 18 85 37 30 19 4 75 28 60 78 3 81 90 100 75 68 0 76 52 79 53 1 39 96 99 17 94 22 98 49 92 63 2 15 75 61 95 55 91 87 93 49 26 100 50 12 92 10 36 12 50 72 86 77 35 1 63 84 21 50 63 88 57 17 39 77 62 42 48 91 49 99 90 89 12 81 16 97
33 81 10 82 50 66 40 63 38 77 50 35 77 98 14 53 21 13 32 6 41 95 85 56 55 34 69 88 74 80 99 2 60 4 56 39 60 24 60 98 38 73 57 74 24 26 5 88 81 77 99 67 89 18 43 80 92 95 61 16 44 78 76 98 6 4 71 13 74 55 59 47 13 100 49 6 64 81 92 1 40 48 99 42 97 20 90 93 82 4 45 86 85 62 60 98 60 51 33 31
75 79 8 50 52 38 2 17 20 85 41 25 37 28 49 30 100 85 14 79 38 77 83 49 72 11 91 68 46 87 37 100 77 1 65 17 19 57 56 90 41 36 61 98 23 28 70 62 61 84 84 25 36 26 78 33 17 86 13 9 28 46 100 17 25 22 34 87 47 32 53 49 63 37 99 3 4 37 34 27 17 97 0 7 42 75 19 36 91 29 55 42 88 82 52 69 30 24 22 7
5 95 32 78 11 20 62 40 27 39 5 30 71 99 28 49 79 37 55 24 54 99 12 47 82 79 48 77 66 13 33 18 51 42 8 47 89 53 84 81 71 49 3 90 60 99 26 40 53 89 44 60 15 95 100 90 20 86 95 24 93 84 53 29 70 23 1 84 36 75 97 68 99 23 8 13 94 100 59 98 84 61 84 82 69 49 92 20 0 50 85 70 79 71 59 32 63 14 37 72
18 16 12 46 94 34 49 18 12 77 62 74 70 95 86 25 64 67 21 6 43 46 47 23 84 94 100 6 83 28 18 32 58 61 61 95 19 19 50 35 30 93 23 4 86 94 98 41 94 35 17 59 58 72 7 13 49 64 66 31 61 82 5 31 99 89 56 63 70 90 48 88 0 38 80 49 47 91 94 64 16 42 92 9 64 15 33 41 97 96 15 28 46 84 58 71 0 100 18 82
41 59 66 7 27 84 73 76 90 98 30 9 51 11 12 84 35 20 43 90 5 67 13 6 17 13 12 34 47 79 59 96 32 12 19 10 81 65 20 21 77 95 74 13 2 4 81 76 78 13 37 10 67 20 30 79 27 94 17 10 83 51 11 21 81 3 4 26 65 10 20 64 15 94 66 18 35 92 100 23 43 58 79 37 50 14 61 65 35 67 98 3 66 94 2 80 23 82 68 88
44 40 89 85 79 14 50 19 68 93 42 74 42 92 97 22 35 80 31 12 27 48 31 66 58 38 6 67 7 72 100 97 22 92 36 34 8 26 95 50 39 15 24 29 8 14 91 20 45 91 26 21 84 90 36 44 51 71 62 90 73 58 19 90 93 39 28 51 30 79 49 34 6 81 9 51 26 39 100 82 65 87 57 90 84 3 47 71 96 14 17 57 44 4 46 97 39 3 83 78
89 89 5 58 6 93 30 75 41 72 73 53 45 96 74 10 61 85 22 50 64 22 62 33 43 68 15 37 3 33 1 93 96 72 16 74 44 33 64 57 20 91 8 100 77 50 26 50 98 54 32 49 2 90 45 54 27 8 100 77 13 31 17 12 54 49 93 96 68 69 33 22 25 11 79 79 20 14 16 1 6 58 37 9 24 6 63 80 32 11 65 31 78 94 41 54 9 96 79 89
95 32 0 99 41 93 10 29 57 17 34 97 82 11 49 2 35 99 18 46 96 94 19 18 66 87 21 22 10 40 84 91 62 15 9 86 74 80 44 38 70 23 10 89 35 90 74 20 97 85 9 1 33 23 4 36 37 98 92 32 20 25 98 54 71 10 27 64 52 38 52 58 78 79 55 66 71 55 49 64 39 65 76 20 92 86 74 69 31 79 57 75 86 45 31 17 46 37 74 38
72 12 5 84 94 17 51 14 72 54 35 54 46 64 82 84 8 71 47 94 92 80 43 92 30 71 99 92 79 64 13 54 47 30 11 78 86 13 91 1 0 88 26 12 56 30 14 21 24 16 43 44 93 0 24 29 60 65 9 78 41 58 82 17 44 96 87 67 78 60 67 5 46 23 62 14 95 19 32 42 84 97 27 35 28 82 5 8 90 50 1 33 73 56 97 49 84 21 69 2
97 24 49 51 84 9 81 92 52 5 21 70 41 46 85 72 99 50 51 80 49 56 44 64 77 34 82 81 34 72 76 33 43 25 68 21 89 48 2 54 66 30 8 2 75 99 47 54 81 91 94 81 95 27 61 82 11 97 3 68 72 73 83 33 7 62 100 34 68 75 11 14 41 87 41 21 31 29 79 29 22 67 10 68 74 80 34 9 45 27 29 33 90 72 82 88 62 53 99 0
49 13 7 96 52 39 13 86 86 98 37 15 10 54 10 74 31 87 38 24 18 15 25 25 25 28 60 89 14 69 93 3 9 66 64 46 88 1 98 13 25 2 59 24 1 53 13 17 93 49 87 93 13 34 74 7 33 46 92 34 54 60 97 73 47 41 72 62 65 53 93 81 32 10 96 44 36 33 28 41 95 46 21 90 51 45 16 12 1 98 39 10 53 89 28 21 66 58 63 31
37 24 83 68 84 54 41 72 42 27 8 52 80 8 50 41 80 0 93 31 34 97 88 12 33 86 44 93 41 92 38 91 90 71 48 82 45 97 44 100 11 84 61 58 57 86 37 44 9 17 50 83 44 14 16 67 80 12 35 19 74 40 47 69 36 92 12 1 51 99 24 51 97 37 60 13 21 66 91 96 5 51 36 46 65 52 44 13 51 79 59 11 69 9 12 35 7 81 44 20
19 67 9 42 78 87 72 60 70 48 14 44 50 40 22 8 41 23 92 64 95 44 24 86 46 15 86 49 15 96 49 5 60 79 88 13 50 24 32 31 46 0 73 97 82 71 83 24 28 1 61 93 41 46 63 100 93 27 38 35 92 99 91 8 31 76 65 84 2 36 30 8 5 42 12 11 62 5 78 3 99 19 5 55 84 58 32 85 28 35 66 0 31 74 31 87 2 100 32 95
29 51 42 98 61 35 41 3 97 47 38 16 18 1 86 39 88 46 12 92 88 22 90 16 60 25 39 27 15 28 7 4 100 11 61 50 90 10 15 81 57 63 30 21 77 26 27 83 53 97 48 83 47 86 7 70 34 37 27 71 73 1 49 40 67 29 84 13 68 56 100 60 1 93 26 26 42 15 62 76 88 18 67 81 45 82 9 70 12 15 20 20 59 17 82 84 58 80 79 59
17 15 80 24 22 39 18 60 77 97 11 19 32 15 41 69 34 84 41 86 19 86 57 99 43 25 94 59 35 54 61 43 6 66 97 57 2 77 63 94 93 11 46 96 77 75 19 50 4 87 29 92 1 60 39 74 96 64 57 84 48 29 7 58 70 21 87 11 58 87 72 76 93 2 7 2 65 17 66 78 52 100 56 50 0 8 92 0 24 54 80 53 0 49 50 6 29 32 51 82
77 100 40 98 47 14 79 20 54 56 2 4 14 36 51 55 94 50 21 18 45 34 62 86 68 90 99 13 72 100 3 26 7 96 50 60 74 8 40 44 41 30 1 87 21 33 12 2 48 13 32 6 26 28 26 24 70 26 7 83 62 64 28 66 24 69 18 55 77 65 66 53 29 37 56 53 99 12 50 17 32 4 83 15 62 65 38 96 5 43 22 35 30 66 43 86 37 31 53 52
19 23 3 78 98 61 13 56 3 40 9 20 28 100 83 12 84 43 83 45 18 21 74 32 57 86 79 2 61 22 90 54 38 12 90 31 54 49 97 29 90 17 51 69 34 49 3 99 29 50 83 32 64 42 100 45 23 6 37 88 21 55 35 91 0 38 94 22 39 9 23 85 42 49 21 65 8 26 29 75 92 61 46 56 13 92 67 85 1 56 76 78 90 18 26 36 27 60 33 25
26 21 69 30 16 9 76 72 100 5 4 49 24 66 58 26 17 98 45 87 29 43 98 6 49 5 46 44 11 85 63 63 69 65 95 33 87 11 22 5 71 23 35 15 67 65 85 76 42 8 81 94 90 4 53 92 23 60 88 40 20 50 77 82 28 39 25 5 28 25 83 55 44 49 65 19 6 56 77 60 17 33 15 27 31 61 65 44 27 57 68 20 95 80 76 23 76 98 61 38
48 30 71 100 14 18 7 33 85 6 32 47 35 97 27 29 54 48 74 3 46 55 1 51 41 42 86 86 91 99 95 68 60 49 38 84 83 38 16 99 39 91 60 40 23 25 71 22 77 93 72 75 88 96 83 14 31 92 63 6 90 48 97 26 42 98 23 61 100 14 39 63 76 2 54 42 5 10 66 95 72 88 66 79 86 42 72 65 69 88 14 61 13 96 78 77 79 51 60 27
91 50 34 68 16 6 37 93 17 38 39 25 71 31 92 58 83 13 86 62 83 71 94 54 35 68 89 66 25 43 5 38 49 23 28 18 45 47 51 93 18 18 36 98 47 88 95 74 33 16 51 74 47 63 40 27 59 1 53 95 89 16 82 34 17 81 81 46 53 70 69 30 28 90 3 96 55 32 65 85 21 93 66 50 24 79 46 53 80 12 42 57 91 0 54 18 54 61 24 79
15 61 79 83 97 98 71 27 61 8 82 72 20 78 98 40 79 15 91 32 5 89 37 40 99 61 20 100 50 91 53 87 54 22 23 92 77 74 68 7 83 17 85 59 54 32 80 31 91 92 90 29 94 73 89 57 84 28 79 96 27 59 43 26 29 68 45 63 86 1 64 9 2 66 97 48 43 27 52 45 76 44 74 39 44 97 78 33 28 27 1 90 18 64 75 73 46 37 11 30
3 25 42 9 51 43 47 96 78 94 22 85 67 63 40 78 38 87 68 27 97 10 72 47 32 16 2 10 35 78 87 10 52 27 32 35 91 33 21 49 26 94 8 70 90 16 0 33 75 30 99 63 93 55 30 47 25 76 7 21 74 27 82 5 32 1 100 65 30 18 24 91 21 11 46 2 47 24 70 29 67 50 65 10 77 82 90 76 31 88 41 57 59 82 22 1 10 30 31 4
38 6 61 3 16 4 52 96 56 23 43 65 64 26 29 30 84 88 77 56 0 17 53 32 9 69 30 70 9 13 29 77 52 8 38 28 48 0 5 54 69 66 40 96 86 4 4 36 37 65 99 25 42 92 96 50 97 45 18 3 17 56 64 71 82 77 12 100 66 85 9 13 12 0 91 8 42 57 7 71 87 66 18 19 48 32 58 52 39 27 68 57 89 92 28 90 43 67 26 42
19 100 17 48 57 46 24 94 54 29 62 44 25 56 42 22 57 92 74 64 55 81 85 86 40 29 96 82 73 11 32 82 46 81 89 15 76 93 99 51 98 36 69 11 58 33 14 81 34 25 55 53 21 16 70 53 53 65 9 15 42 55 35 47 8 9 6 4 31 34 90 30 59 26 51 79 43 74 1 40 68 61 100 96 83 77 65 77 6 73 32 33 50 26 5 72 61 44 29 69
64 83 53 79 46 23 89 12 64 67 50 73 33 66 66 14 0 86 44 66 91 83 36 89 33 15 65 71 75 26 63 79 92 93 23 73 39 12 66 71 95 55 61 84 53 12 33 7 8 57 91 27 95 57 92 89 39 25 27 11 98 61 16 74 85 37 28 89 7 31 96 60 91 58 55 31 24 41 22 82 66 78 92 91 54 4 59 77 43 74 17 65 36 87 85 8 44 69 35 22
89 39 99 39 94 26 66 95 66 76 1 86 88 62 39 12 9 20 35 48 98 97 11 49 42 11 67 54 68 17 52 92 74 41 26 39 30 13 17 27 48 33 76 74 14 11 16 70 79 55 45 14 7 38 34 35 87 6 55 7 15 6 29 88 24 50 9 54 31 64 49 41 49 97 20 0 75 20 29 76 41 35 53 39 59 92 10 12 87 99 1 17 76 72 19 8 96 43 35 39
87 71 86 47 9 10 76 30 91 80 80 59 18 20 88 70 22 55 49 38 65 47 24 29 18 57 52 78 78 35 43 24 23 33 85 32 21 75 68 24 75 93 72 19 98 85 56 20 33 25 87 94 10 86 26 1 53 36 8 4 19 7 18 37 69 44 42 44 87 83 42 1 79 86 45 79 11 33 56 20 67 99 80 0 52 47 14 70 22 9 41 39 38 76 37 59 2 86 60 61
75 92 4 37 91 28 30 55 25 21 43 81 7 42 51 39 45 84 17 89 20 14 0 26 38 100 4 57 85 78 37 66 41 97 65 35 99 5 57 27 19 67 57 27 9 90 92 61 75 10 4 9 80 42 34 42 71 33 14 88 64 14 86 54 90 34 92 52 29 100 93 13 86 77 90 43 78 17 16 13 74 38 36 81 53 95 83 93 40 33 79 72 76 64 39 81 61 90 50 54
25 26 41 57 76 27 97 65 10 69 79 71 14 69 76 4 66 1 17 18 60 94 11 96 97 33 44 60 70 89 16 17 79 12 79 54 72 82 34 34 74 54 6 5 57 90 49 16 65 31 99 7 61 75 44 83 39 42 23 98 79 68 86 70 87 95 36 98 46 29 26 40 61 89 72 16 53 25 93 27 40 77 65 79 96 57 27 43 73 21 45 61 37 55 60 9 4 27 76 32
57 80 36 81 10 6 51 21 14 14 61 73 80 55 10 49 9 36 57 9 12 25 70 12 20 3 8 55 21 82 39 30 62 52 42 27 71 20 96 4 4 79 11 62 54 10 96 59 76 91 63 33 27 100 76 84 32 14 16 58 9 61 46 33 23 93 30 16 25 31 45 80 0 77 85 76 64 52 16 19 18 4 90 73 10 87 11 60 31 30 81 6 25 39 70 66 82 74 19 44
90 6 1 58 85 43 87 18 60 14 45 1 96 11 96 80 53 75 62 77 75 54 72 33 29 29 67 28 47 23 19 8 20 30 17 39 85 48 36 93 10 59 7 43 27 35 49 46 64 88 75 66 36 77 60 27 0 77 55 1 67 27 47 57 28 47 80 32 3 96 72 85 94 68 22 5 22 37 82 19 52 19 12 56 15 55 19 6 62 37 44 42 64 63 20 5 74 5 38 59
37 46 16 14 19 95 88 10 13 84 57 52 73 67 71 59 94 36 52 0 99 75 32 13 73 6 69 47 27 30 80 16 78 9 73 98 52 96 19 26 89 87 40 70 84 48 35 56 24 88 18 96 24 70 89 89 97 57 33 15 85 66 50 17 11 3 20 27 21 37 24 58 92 3 69 38 95 75 25 67 57 87 10 45 19 92 98 22 9 85 85 38 81 64 2 15 85 71 36 27
63 67 4 84 97 96 15 46 17 59 54 14 71 34 99 20 19 51 96 42 61 0 16 94 9 4 15 93 70 88 50 1 75 89 87 14 80 58 65 83 81 78 52 70 63 91 39 72 90 93 94 54 48 12 28 10 11 91 49 97 51 18 53 15 8 47 6 83 52 19 72 88 79 55 100 45 78 62 63 42 22 22 29 80 44 9 21 85 63 46 37 36 94 60 35 41 84 15 17 46
82 46 7 38 24 25 78 80 66 85 79 34 34 86 23 29 53 45 3 68 55 7 31 66 87 9 41 1 93 60 29 60 83 44 29 23 3 8 11 51 22 37 92 82 52 97 63 99 76 79 70 83 55 79 26 2 50 93 53 28 90 84 79 50 56 65 24 64 52 17 40 1 26 91 40 3 53 96 2 16 89 73 80 79 74 30 71 29 15 93 55 45 47 8 24 19 50 53 72 61
86 26 93 91 91 18 25 2 33 49 73 68 20 5 96 84 11 17 78 96 13 100 47 32 31 56 55 41 29 90 39 33 74 52 88 20 25 83 96 38 69 2 24 46 81 61 94 22 87 67 21 17 16 3 61 79 93 63 78 68 66 68 99 50 4 21 70 78 55 89 23 97 31 36 54 23 86 28 53 34 3 65 59 10 1 15 83 13 61 6 20 36 55 49 84 57 8 71 60 13
69 29 89 42 83 82 80 75 57 85 6 5 42 8 49 47 45 47 7 87 48 17 100 83 74 78 59 13 20 75 61 68 43 38 19 26 89 78 82 4 96 82 62 10 99 98 52 12 5 92 93 16 55 6 44 96 36 84 41 79 63 98 65 13 28 28 31 45 3 19 77 82 59 50 57 94 54 99 83 17 46 2 71 40 53 34 65 0 53 9 16 90 2 17 55 9 59 16 20 50
29 30 16 84 33 8 36 88 57 56 15 96 57 2 32 43 66 5 39 95 71 34 16 98 94 78 27 4 92 9 56 70 31 74 90 37 46 94 53 50 97 57 7 95 87 34 92 6 97 21 100 26 52 45 32 23 43 38 69 59 4 97 5 92 0 68 45 14 1 18 93 4 97 41 66 23 64 50 23 28 70 92 16 27 2 63 61 7 0 32 13 80 40 98 26 11 75 59 54 51
30 30 90 73 84 92 74 37 42 85 41 84 83 45 36 25 76 62 45 1 68 73 16 74 11 62 76 42 96 50 52 63 20 91 77 8 18 21 92 85 30 82 55 50 9 60 88 90 39 97 53 34 26 75 6 50 0 34 50 53 53 71 84 70 98 4 9 14 62 36 33 20 2 45 88 75 76 13 92 42 55 24 71 81 2 96 100 9 45 96 81 49 79 14 43 64 46 63 45 55
7 22 65 61 46 50 15 7 88 73 28 2 66 41 93 3 89 53 71 69 21 37 90 52 29 7 64 12 3 83 76 65 2 58 33 51 43 90 8 27 96 63 56 51 55 91 93 23 73 95 54 80 36 19 90 85 15 21 37 86 78 68 15 17 48 50 47 27 53 97 29 35 82 74 90 62 11 24 7 23 43 92 94 76 76 51 82 9 12 70 11 77 84 62 58 51 42 48 46 74
75 63 70 95 2 38 94 68 38 86 47 2 16 71 5 96 78 40 80 7 4 42 63 2 5 79 76 94 35 92 26 54 47 61 96 30 4 37 30 8 37 63 36 2 93 93 29 39 72 0 66 59 51 62 85 95 99 60 76 66 80 50 85 98 38 58 40 95 36 67 43 6 10 97 84 4 68 10 87 1 55 65 32 80 5 70 70 42 52 43 64 86 50 44 21 65 53 78 27 0
69 25 2 44 70 71 97 17 87 62 19 3 94 40 87 20 97 46 18 37 58 13 76 90 89 86 7 83 10 14 38 95 52 42 90 68 49 63 4 64 33 66 77 9 33 7 84 18 67 97 22 69 75 37 61 83 73 10 36 16 3 46 24 25 33 87 63 63 67 87 2 58 80 60 88 67 96 64 15 76 76 8 42 13 62 6 80 50 77 32 82 48 67 59 59 75 39 93 45 3
60 20 1 52 36 39 57 96 49 32 31 11 30 74 46 36 75 63 35 93 51 37 2 9 96 99 44 42 47 48 34 45 32 34 18 93 37 92 43 53 22 22 62 87 94 51 61 72 4 48 50 6 13 97 54 12 16 47 37 95 30 35 97 79 7 25 99 26 27 90 2 19 11 36 33 29 80 3 48 26 56 76 77 80 16 74 66 27 22 6 21 5 81 100 39 32 43 98 63 12
84 17 75 0 29 78 15 52 64 42 32 94 58 50 21 62 55 91 90 43 98 58 23 16 8 3 0 95 87 7 32 66 62 49 47 21 8 5 50 72 96 68 67 51 52 84 47 79 35 95 58 11 20 52 58 20 16 8 19 15 47 65 6 68 16 70 52 51 50 97 84 89 14 12 23 28 78 87 88 69 81 38 54 6 55 37 77 26 79 6 13 13 42 49 57 34 4 30 37 13
21 13 74 15 89 94 43 29 67 87 11 3 93 8 74 12 52 59 32 51 17 84 94 50 74 40 71 20 74 85 43 56 32 43 31 24 79 58 88 77 56 67 32 38 53 7 92 80 71 43 76 80 78 69 7 65 64 74 87 56 10 59 47 82 2 19 22 6 55 51 92 97 82 27 86 50 41 37 96 1 39 92 82 33 32 60 57 58 35 3 65 21 94 28 4 64 92 88 75 80
60 35 71 41 19 39 16 90 86 56 52 55 10 66 75 46 85 100 8 61 19 2 76 91 63 87 66 28 20 86 17 41 31 58 40 55 100 63 85 95 18 95 75 45 2 56 73 65 16 86 47 7 15 90 15 50 42 10 74 98 31 18 88 14 58 37 68 57 43 7 3 91 55 36 67 47 45 66 25 17 53 83 76 50 50 7 70 70 9 25 71 26 68 13 44 34 18 47 51 46
36 5 64 84 41 7 10 44 91 15 44 36 97 33 57 92 70 32 68 37 27 61 86 10 80 21 63 10 97 82 51 65 85 60 25 39 55 60 54 72 50 76 45 35 12 9 20 92 13 59 78 8 21 100 36 33 75 4 48 43 11 49 51 50 95 61 59 76 68 47 44 21 100 4 86 88 73 76 64 21 33 99 89 28 100 0 67 20 32 34 50 36 52 20 32 68 24 56 89 38
67 13 7 12 18 91 77 39 14 66 48 34 43 56 0 68 46 5 37 44 20 50 32 92 38 99 55 80 3 39 65 67 79 22 37 97 57 67 90 64 88 4 69 21 14 12 71 38 29 41 89 40 19 10 36 14 25 88 10 49 49 34 83 82 54 18 11 41 68 12 47 76 38 13 24 53 47 97 100 82 32 76 87 48 87 5 100 83 44 100 70 31 45 36 36 80 94 55 23 7
76 67 36 4 62 54 36 64 94 85 86 15 19 37 68 15 39 48 70 86 46 30 1 41 99 93 7 87 41 66 34 35 70 45 3 100 76 83 3 1 26 39 42 77 51 13 53 51 28 0 98 80 92 56 98 54 92 92 75 61 13 0 78 61 77 21 18 20 4 91 31 85 54 48 10 89 40 12 76 64 11 3 60 68 14 0 2 50 12 46 86 24 88 70 15 13 54 15 21 29
27 15 44 65 94 20 2 85 50 90 4 21 69 3 59 29 55 51 79 47 60 90 52 35 34 64 74 49 36 67 27 47 54 36 47 43 85 89 63 53 36 13 18 37 81 56 84 1 93 60 33 26 72 92 52 11 98 8 10 88 90 38 3 80 0 93 58 78 9 25 56 50 0 15 14 30 78 63 79 83 33 96 15 42 35 26 49 33 9 59 54 8 55 39 81 20 54 21 79 68
0 8 37 86 28 51 23 91 49 43 50 21 34 55 4 99 7 71 99 77 9 59 45 22 82 73 26 27 46 68 59 100 66 73 86 47 95 24 10 45 0 55 11 91 39 75 47 31 22 21 73 55 33 85 31 47 93 69 22 39 51 39 39 94 21 58 100 96 43 85 55 36 64 92 55 29 21 20 44 48 43 19 26 12 66 9 86 43 80 16 33 60 48 81 32 94 75 99 68 76
93 77 77 26 38 27 35 74 53 35 32 37 63 73 79 14 79 26 63 57 66 51 84 50 13 44 100 85 73 5 15 5 98 20 54 36 14 42 48 67 41 86 11 78 15 0 10 40 7 48 91 97 99 25 30 2 96 43 37 93 7 36 40 60 88 16 34 73 96 30 42 27 35 47 9 11 86 73 40 26 89 62 20 31 62 36 53 5 46 3 92 70 3 100 12 7 78 23 73 83
40 48 57 9 30 35 72 71 31 36 87 27 33 61 20 44 7 42 65 1 68 96 82 44 11 48 100 98 95 21 7 34 16 54 33 62 5 58 59 59 21 83 61 44 81 94 65 68 92 38 17 50 8 9 14 42 14 53 36 5 43 13 43 100 69 31 7 43 73 93 49 1 68 7 73 28 89 66 10 21 68 47 19 10 85 43 95 8 54 17 38 80 61 94 14 87 3 37 96 75
28 72 29 92 34 41 13 56 98 26 27 25 24 89 100 94 96 41 76 55 78 82 21 60 81 61 96 8 17 14 92 92 5 26 77 20 14 75 30 80 32 51 47 58 80 4 65 69 68 96 78 42 83 33 63 64 71 100 61 91 52 100 21 91 82 36 35 27 42 72 6 66 62 20 7 88 30 19 64 11 78 55 28 92 80 17 84 23 47 84 95 58 48 33 65 49 11 65 52 45
34 17 25 23 19 75 93 50 36 30 58 34 18 74 51 66 48 96 66 86 95 13 6 67 83 78 87 74 57 43 2 4 35 1 64 11 15 86 4 9 30 91 34 67 52 92 20 61 34 19 16 35 13 98 97 8 37 4 29 80 47 15 14 44 12 60 76 99 71 13 99 40 50 65 9 83 20 19 14 75 0 9 75 80 1 87 77 30 86 92 1 6 60 75 79 69 7 21 62 57
21 44 14 47 54 29 74 90 79 59 2 39 15 66 20 39 39 24 24 48 71 89 50 15 16 33 77 69 38 100 3 10 11 23 15 49 81 38 37 99 63 68 29 65 26 0 80 86 88 45 35 79 47 15 22 10 6 31 45 82 83 94 83 26 85 83 82 78 94 22 54 45 69 43 85 100 68 25 69 3 58 22 44 30 96 37 24 88 19 55 50 51 37 23 40 91 5 58 82 9
4 11 49 64 68 22 7 81 27 79 42 5 77 58 92 71 34 59 28 46 53 63 82 71 91 82 20 45 0 7 95 77 29 93 70 12 63 3 25 87 41 62 91 5 57 49 0 48 87 94 15 12 24 74 8 7 85 80 20 54 39 84 14 99 82 37 86 67 64 63 10 26 34 19 85 99 42 91 8 37 82 27 36 15 85 85 82 25 45 13 13 6 95 45 94 37 0 91 38 92
49 65 34 20 46 33 42 51 44 11 75 6 70 36 41 48 56 97 1 70 99 41 1 21 80 83 48 89 67 2 21 61 95 18 31 42 54 26 88 94 75 41 44 83 52 50 70 59 87 62 91 20 89 96 82 88 57 35 91 86 5 56 88 28 91 100 43 34 40 83 56 66 10 19 77 12 81 55 18 19 89 49 76 72 18 67 52 41 38 24 88 35 28 92 24 15 93 82 24 3
77 24 30 53 36 93 44 1 80 98 96 1 68 92 11 2 65 87 83 44 1 22 64 6 55 22 45 87 78 26 12 81 87 77 35 0 47 49 80 9 35 52 51 91 56 40 85 45 11 90 97 90 62 30 66 90 66 80 16 55 31 39 75 35 90 77 37 46 41 52 21 67 57 84 30 52 40 28 92 29 65 4 56 25 48 61 84 54 52 1 42 34 78 57 62 41 64 1 77 52
61 36 5 79 82 25 30 7 68 33 60 11 67 76 17 52 42 70 66 22 82 32 64 76 97 33 36 40 77 1 86 17 39 54 3 37 69 79 62 4 98 22 33 97 66 6 23 14 50 9 23 6 66 89 40 78 47 68 94 3 1 45 8 96 95 56 39 55 48 53 38 96 99 68 37 76 39 0 19 45 86 86 27 40 28 46 82 19 21 19 43 8 93 23 76 95 23 30 88 29
26 62 93 80 96 17 60 33 92 93 95 44 83 50 68 74 6 58 46 17 20 22 89 79 75 60 42 42 5 45 4 70 65 82 27 74 46 10 6 28 78 81 20 67 7 89 8 8 74 64 43 63 77 97 75 81 73 9 6 40 66 48 88 37 12 54 24 74 37 76 7 14 79 21 100 3 53 55 92 63 38 0 33 81 1 46 4 14 22 23 45 61 63 15 75 85 6 87 44 87
85 96 47 46 32 56 93 12 30 56 84 90 84 18 79 28 95 24 43 98 63 11 57 87 36 68 73 65 46 55 47 98 91 63 45 84 81 53 81 76 21 10 42 81 17 84 20 22 70 92 96 56 73 41 44 53 43 48 88 49 49 23 19 47 9 75 95 20 25 39 56 56 82 48 75 95 91 51 1 78 7 36 18 88 100 90 46 10 28 73 40 38 4 8 93 26 30 96 64 21
83 23 74 34 12 39 7 86 49 61 15 80 87 37 59 95 86 45 44 80 84 11 50 52 11 95 28 89 82 41 35 13 0 87 5 8 30 90 32 80 36 86 28 81 86 27 96 60 58 90 7 41 59 89 81 6 49 75 31 40 75 99 28 41 29 25 28 20 75 18 84 74 3 86 82 62 55 87 59 80 87 86 21 55 3 22 55 35 65 94 67 63 76 29 9 82 77 22 9 97
65 60 99 57 76 52 97 37 47 2 82 17 33 65 58 81 10 83 85 5 99 54 49 60 55 94 89 59 24 1 7 17 86 65 86 19 81 82 95 95 61 58 57 56 77 93 18 56 33 50 1 93 42 25 62 32 38 7 75 77 28 76 87 8 68 92 90 8 84 8 42 22 3 72 2 89 11 66 41 39 76 29 2 83 11 58 14 100 30 8 33 71 26 80 27 96 24 50 44 59
34 8 5 31 8 23 81 29 48 50 50 67 86 22 28 60 100 10 43 43 9 35 11 15 32 8 28 39 16 55 56 46 93 6 98 39 46 52 83 59 73 74 76 82 94 61 57 88 2 75 82 29 67 55 75 19 40 23 45 38 99 24 2 54 57 54 90 70 93 64 20 24 22 99 7 11 32 67 79 17 42 32 78 67 56 19 72 62 15 27 55 55 55 80 70 88 88 39 70 89
25 65 7 8 97 9 1 91 68 1 93 33 91 94 75 51 28 92 70 14 24 86 73 80 97 41 74 38 18 14 11 10 23 66 90 3 100 98 31 55 66 2 5 80 52 82 35 60 50 15 50 98 5 24 83 6 30 33 22 38 0 83 33 24 88 9 21 85 30 49 83 43 38 2 18 33 91 38 89 79 42 66 52 25 96 0 43 33 77 36 3 25 50 28 2 84 64 35 9 71
21 88 64 11 23 67 5 99 2 2 40 84 82 80 50 62 67 34 56 26 6 32 96 86 14 4 9 40 43 10 58 97 13 51 91 29 63 40 62 92 85 46 93 77 9 67 56 20 46 12 53 49 48 77 18 22 94 100 39 31 68 33 71 10 98 95 3 61 45 36 56 19 20 33 24 16 31 95 60 46 94 23 81 56 74 12 47 68 16 74 58 60 78 26 22 65 40 17 42 10
83 26 15 8 39 5 62 58 95 21 49 6 17 21 32 0 34 47 94 28 6 17 29 61 0 70 21 4 79 24 77 22 75 97 79 52 83 43 77 3 76 46 77 86 31 10 93 93 85 98 55 63 57 69 16 84 66 40 27 15 45 79 90 66 21 21 15 42 64 58 60 64 80 7 53 56 14 39 59 89 29 18 82 82 81 12 5 82 72 4 3 74 40 34 41 77 23 11 40 3
