100
733 568 235 659 563 838 727 285 187 139 583 15 902 308 965 992 208 276 989 928 999 865 399 367 997 400 188 592 351 108 586 618 535 256 457 935 659 656 809 353 446 817 760 61 595 699 219 727 53 690 555 213 48 893 341 384 231 160 302 806 41 503 762 440 862 605 46 430 932 376 905 923 452 602 414 465 244 817 758 422 793 804 128 202 364 851 386 995 279 105 472 826 885 479 450 62 743 315 971 989
105 17 773 405 893 627 737 89 744 369 139 375 113 6 804 510 414 717 465 499 619 402 466 468 203 749 912 110 179 907 155 509 478 916 840 509 955 14 422 302 828 703 768 149 506 825 549 706 874 211 76 677 103 75 736 30 85 612 99 481 74 224 956 47 353 488 703 249 895 585 503 229 663 63 18 938 551 707 79 326 25 620 710 186 100 376 432 412 716 852 192 489 325 123 955 918 200 265 983 201
358 221 522 35 833 565 930 543 149 543 391 916 713 288 264 336 39 150 322 860 532 850 628 678 474 400 287 501 160 510 965 471 409 638 528 7 710 977 896 468 952 186 26 374 885 182 881 810 264 645 442 285 74 777 973 726 190 910 668 732 46 541 678 143 854 920 933 391 73 918 5 741 888 896 673 537 786 655 431 934 102 392 422 814 664 113 295 38 520 942 667 235 361 488 107 950 474 789 328 773
468 289 454 106 733 540 444 846 440 593 430 390 981 38 167 270 125 452 949 588 31 528 274 679 993 147 184 120 478 100 567 909 675 401 965 160 493 630 900 477 816 256 683 296 4 849 301 231 20 296 342 848 142 143 609 769 968 514 281 490 302 133 441 969 79 526 722 678 123 886 635 711 758 985 38 547 487 598 801 515 756 304 457 657 467 803 69 792 145 515 981 600 586 640 246 222 256 141 350 51
647 689 199 906 395 646 559 396 403 947 18 131 814 676 192 301 152 698 708 818 682 181 910 640 686 278 301 69 449 969 588 36 402 633 74 603 958 268 143 140 192 220 116 85 406 805 260 93 492 882 95 375 331 689 254 714 468 400 133 717 257 32 807 538 89 669 646 5 450 152 332 854 295 472 139 164 599 458 425 893 628 699 856 83 283 891 939 296 127 996 368 962 56 613 831 522 899 261 6 519
186 0 166 553 596 712 393 162 479 685 138 64 487 416 847 598 546 507 84 149 654 473 943 51 603 842 300 341 528 423 253 841 886 895 129 382 861 657 372 101 317 793 123 746 747 568 920 8 102 711 954 52 601 394 55 994 873 267 472 119 537 739 71 920 520 106 946 490 914 29 267 925 576 483 954 132 845 190 348 695 512 305 164 569 358 18 588 860 77 645 682 535 839 391 861 36 464 382 287 275
403 114 213 81 182 840 798 747 335 205 586 952 322 832 814 912 630 302 263 845 833 874 638 939 923 815 935 477 937 695 931 779 451 486 627 864 127 302 708 179 577 329 202 14 2 152 39 229 275 605 936 564 959 547 346 277 607 108 346 291 571 208 153 422 298 521 182 157 443 23 686 462 489 412 249 757 939 210 806 539 393 327 611 682 7 667 756 236 390 275 849 889 498 92 484 327 208 20 113 168
623 948 628 449 603 653 768 616 293 636 289 843 928 270 688 428 625 227 709 329 629 351 823 422 684 187 159 820 125 354 197 429 88 212 713 526 446 900 781 941 657 727 478 591 101 767 739 134 444 565 233 926 310 272 169 252 650 249 569 32 424 230 1000 683 549 417 69 166 218 131 522 903 791 794 471 638 840 344 605 85 836 190 27 876 663 101 812 406 33 533 991 875 470 367 992 274 26 994 560 96
952 228 877 5 407 967 554 45 95 734 355 510 572 352 121 8 290 202 480 134 189 5 851 440 824 531 34 329 946 716 763 402 751 887 570 406 451 788 294 253 726 692 818 780 685 436 924 943 146 657 573 38 343 115 84 191 383 72 800 903 688 569 836 230 917 332 600 434 678 516 36 688 319 20 845 71 917 953 997 881 166 492 873 694 62 407 497 636 94 934 176 551 852 722 568 501 448 895 519 704
145 519 829 316 59 879 406 372 209 380 868 371 907 684 431 455 613 528 729 708 249 519 79 744 650 354 533 56 399 930 980 103 991 490 995 749 698 273 425 919 677 211 721 792 568 291 527 776 430 735 75 683 798 363 550 460 116 147 356 112 55 966 875 218 135 319 71 372 27 608 294 234 886 998 486 803 441 764 70 203 680 486 984 674 95 26 783 31 46 558 362 902 490 557 126 612 521 841 764 298
639 126 830 444 109 193 150 251 772 570 148 626 509 135 570 497 966 135 268 212 479 668 752 972 132 208 121 208 345 740 650 558 836 323 514 947 217 754 358 163 129 897 610 839 933 974 657 694 810 364 828 911 46 608 393 669 809 221 172 10 477 835 38 911 686 927 535 40 953 329 442 664 397 715 787 97 104 585 635 332 629 567 275 975 155 76 26 937 883 26 179 636 643 566 452 794 132 949 55 452
618 385 846 978 813 954 804 273 979 64 320 12 366 627 37 884 215 892 917 866 416 577 845 870 140 157 381 346 194 920 76 641 747 952 174 531 627 180 282 171 463 730 827 53 575 311 970 284 678 600 853 286 688 408 75 563 145 250 537 958 250 488 409 548 883 20 55 10 702 285 194 397 726 271 928 461 543 861 326 425 710 291 112 890 508 318 615 184 920 514 335 302 851 287 434 597 484 231 67 66
37 599 582 762 148 997 160 208 321 190 360 617 850 673 409 866 92 506 883 377 827 532 865 78 731 430 428 97 425 402 981 684 474 74 9 528 479 913 458 921 799 957 633 722 574 954 147 221 235 502 804 908 855 476 997 490 147 406 911 579 132 790 391 642 321 640 141 322 210 181 408 195 647 235 402 170 116 930 681 991 70 206 821 129 925 527 810 462 485 481 190 910 959 14 127 481 809 559 777 765
282 674 528 442 666 953 884 624 298 6 682 880 33 378 276 835 433 713 659 869 240 431 566 87 743 798 467 919 898 471 699 76 161 180 290 720 331 284 445 242 358 812 776 497 908 653 8 597 1 473 905 227 92 635 148 671 846 497 134 246 505 696 17 191 111 130 544 192 627 836 794 984 444 864 367 73 896 137 454 602 801 656 170 107 55 391 361 951 201 664 31 907 297 350 368 368 697 332 462 310
65 240 897 788 876 184 122 46 194 920 867 849 67 418 357 258 490 140 130 692 234 922 678 958 220 21 732 132 735 438 291 456 849 656 686 526 503 17 33 382 886 409 602 827 103 700 484 85 876 29 781 387 121 685 523 128 572 512 183 127 27 249 897 33 406 370 939 877 65 359 265 952 943 284 855 89 916 854 301 933 280 903 850 894 791 955 334 154 747 841 105 629 554 157 877 963 629 123 930 302
902 344 961 614 229 796 57 36 480 837 499 185 143 935 850 811 344 1 279 94 381 594 190 958 940 718 484 181 43 198 834 368 994 420 872 223 387 399 949 407 451 241 30 327 189 743 504 620 741 787 932 692 511 429 857 613 399 545 275 977 507 334 994 449 760 954 101 501 267 252 948 859 846 299 813 87 464 101 756 46 924 544 983 318 912 373 972 366 837 205 598 905 349 214 492 58 592 869 811 825
679 532 717 440 364 371 41 465 978 333 684 494 86 652 237 290 814 828 267 165 507 683 674 297 326 727 566 348 797 19 677 249 607 961 525 106 982 252 119 683 316 553 868 213 545 794 736 243 465 613 389 403 833 706 776 543 694 827 158 487 164 505 87 240 548 85 611 69 702 549 515 136 680 359 366 931 875 740 406 456 224 880 217 864 815 337 260 722 202 933 672 394 288 441 801 176 104 892 718 657
460 292 600 945 979 414 190 920 741 73 90 625 858 456 478 308 185 821 661 608 120 967 517 105 319 620 950 727 437 352 658 776 955 808 540 157 378 912 557 787 872 213 53 772 954 356 617 521 909 369 307 380 157 899 675 103 484 854 471 86 927 761 313 11 735 427 493 22 997 409 318 880 787 255 304 342 949 36 555 275 122 991 454 136 942 474 659 164 799 289 490 119 121 83 337 946 199 333 801 543
531 287 395 404 584 919 509 522 722 135 263 965 323 28 979 960 241 597 189 434 714 812 247 533 684 578 702 318 409 880 51 220 957 684 503 853 574 817 463 906 101 601 612 815 121 636 841 881 640 389 541 615 591 489 969 875 456 992 31 594 988 456 564 649 280 386 55 936 886 617 116 387 786 263 824 473 259 141 916 452 932 99 266 235 899 825 209 246 343 505 838 904 878 974 612 734 368 320 185 17
132 873 828 894 571 88 455 309 788 757 444 439 118 583 926 174 414 293 742 576 624 461 206 394 456 211 240 129 575 759 591 522 791 39 807 948 544 342 883 815 497 954 279 218 996 72 100 546 430 729 76 595 217 220 914 67 319 225 360 944 795 993 851 457 236 109 923 608 414 954 912 789 600 206 267 105 78 975 377 341 432 178 66 636 678 148 417 467 709 638 274 537 628 133 876 708 794 437 414 36
703 909 54 609 143 117 948 365 128 758 479 615 543 395 640 986 72 991 247 988 418 180 989 826 201 781 470 480 264 530 438 965 950 596 798 712 915 242 995 316 893 117 602 193 26 96 836 881 123 48 370 459 85 643 237 280 740 319 25 882 290 588 501 787 833 668 203 59 95 299 593 681 679 187 579 419 964 632 602 558 781 894 349 632 439 287 810 264 624 159 906 98 409 528 582 47 919 334 422 515
115 501 451 755 845 336 572 651 1 978 325 457 689 687 282 748 661 98 368 742 111 895 120 247 937 622 487 900 349 940 649 920 460 984 240 401 591 497 34 744 392 801 215 504 574 101 392 920 797 807 615 414 513 943 630 381 201 120 609 153 627 755 100 397 830 15 654 584 929 750 670 929 303 244 79 737 981 202 410 683 858 926 58 977 895 220 491 787 671 612 835 497 287 659 558 465 953 484 692 654
712 850 758 150 772 902 410 227 531 466 615 873 339 997 207 393 650 194 542 293 349 429 156 906 756 466 285 64 352 988 899 558 324 963 178 126 310 930 58 326 572 940 512 547 833 228 939 737 559 836 938 384 274 694 356 424 891 77 590 595 835 689 530 80 84 60 24 109 264 610 785 139 848 305 172 914 832 135 247 301 97 131 896 951 936 777 827 358 447 755 57 348 91 606 673 454 495 700 417 493
480 738 350 405 887 727 393 673 129 351 246 734 113 391 998 675 238 301 168 267 434 127 127 779 600 939 465 378 945 307 494 40 539 252 401 258 90 61 681 14 601 926 303 58 424 1 517 156 714 278 478 592 379 11 287 763 772 34 373 342 518 340 382 944 286 365 232 710 129 905 861 649 263 232 573 318 785 327 832 104 532 695 364 927 759 271 281 343 823 376 360 98 748 604 710 953 274 159 237 474
51 549 404 877 152 675 804 578 955 441 442 574 956 434 665 30 421 626 709 141 989 499 349 883 753 344 838 878 60 463 609 848 845 479 801 916 524 910 467 36 753 863 736 56 214 910 952 112 6 811 287 248 302 190 368 199 482 389 881 548 519 553 740 995 545 212 605 168 828 533 110 916 366 687 570 883 704 856 990 240 993 659 709 447 763 33 122 961 53 47 247 470 144 980 583 436 950 291 724 489
317 947 636 734 506 548 593 203 801 750 573 637 870 36 374 83 818 1000 536 778 746 916 426 514 57 299 770 931 355 267 58 511 125 94 783 244 689 158 387 24 822 871 114 163 718 134 721 539 416 527 194 404 183 529 850 890 645 446 759 939 381 166 589 963 806 574 332 665 629 196 360 962 811 975 817 226 909 906 909 944 228 995 837 152 827 275 89 952 581 484 285 409 194 259 801 323 411 146 854 652
614 710 706 582 801 256 878 719 531 798 71 616 896 20 697 571 399 52 606 917 673 197 580 117 72 974 755 182 299 504 1 790 290 276 432 730 711 836 747 40 62 73 341 625 402 73 903 109 257 85 236 643 904 697 206 170 226 455 156 751 960 294 579 192 965 588 744 196 341 285 342 419 813 418 487 657 749 95 628 702 914 490 713 187 718 375 511 24 353 865 401 244 341 803 656 854 618 69 763 591
237 834 388 538 646 668 423 224 49 492 547 500 744 356 158 710 874 545 526 149 297 162 815 333 32 840 788 874 254 649 766 960 411 533 223 650 898 345 261 999 906 679 563 778 902 941 144 483 196 508 216 203 444 874 248 348 159 574 712 379 341 700 922 947 596 790 519 113 278 200 265 351 3 233 346 449 617 823 403 550 719 71 569 9 134 603 24 929 585 463 157 16 356 582 961 239 666 882 962 490
334 480 583 557 618 562 171 697 144 547 736 242 128 86 33 208 683 785 840 629 748 630 194 798 412 806 763 195 606 233 124 19 670 238 512 11 587 803 477 317 412 210 592 463 78 293 908 506 106 326 529 437 646 88 349 93 368 273 840 421 697 823 179 733 733 888 942 272 682 208 650 77 392 523 324 533 358 616 3 160 594 159 631 410 229 358 40 313 762 974 915 862 972 564 687 130 105 292 38 175
246 607 21 582 790 380 332 457 239 364 799 939 589 524 514 451 997 106 130 171 113 770 551 345 293 104 494 902 693 655 627 496 110 876 479 411 0 809 653 788 710 592 197 841 467 879 446 364 269 188 548 617 26 714 906 554 270 228 47 372 109 623 287 244 310 907 374 414 622 391 729 409 768 344 124 823 408 901 924 261 230 731 865 728 637 255 869 803 293 808 951 662 404 69 112 704 685 437 825 810
191 247 480 704 89 343 49 444 348 871 612 940 89 216 172 345 251 551 922 949 324 716 933 608 272 147 62 64 965 583 114 771 771 640 992 961 771 13 91 719 125 134 784 932 935 186 675 607 470 857 941 165 837 812 57 41 382 292 551 84 181 920 451 238 649 199 561 193 531 159 929 34 721 131 969 264 780 982 6 857 800 659 935 987 727 517 665 715 815 495 481 467 675 156 293 773 848 164 422 427
413 752 565 534 993 107 863 937 48 612 776 245 56 688 800 34 435 890 559 1000 11 467 37 609 294 246 233 595 88 664 68 412 776 577 900 144 358 520 523 162 782 796 311 717 789 516 948 906 571 768 856 826 149 714 659 540 784 606 231 380 185 38 855 625 102 457 975 772 552 703 41 790 115 348 276 445 254 409 999 649 370 474 901 655 652 948 849 101 280 315 656 571 314 78 211 261 47 64 983 359
547 611 244 497 783 974 459 301 725 445 171 874 850 875 817 156 77 274 29 577 169 374 522 21 524 514 95 75 123 859 271 692 360 19 683 803 402 953 873 644 868 189 830 718 804 554 406 905 501 168 857 65 525 625 38 731 139 817 76 212 825 411 696 711 772 452 442 363 924 534 789 57 593 177 552 48 444 228 560 222 229 823 663 305 210 59 886 309 697 986 320 269 980 622 992 772 819 954 650 873
827 541 809 826 914 441 627 131 825 230 107 987 788 317 465 942 458 490 460 769 3 697 571 420 70 278 453 951 949 892 532 835 260 217 745 132 266 712 401 750 511 951 797 736 751 551 198 222 60 655 188 406 183 995 621 737 539 207 830 421 844 45 302 374 373 363 58 208 52 692 618 676 863 475 780 630 940 96 565 167 485 504 862 581 115 260 600 958 729 446 710 221 276 764 999 323 292 397 342 979
997 630 44 421 873 339 439 617 519 163 313 966 654 742 978 599 210 240 336 985 956 442 844 448 435 592 888 110 818 184 109 980 316 628 546 559 719 569 565 98 657 797 248 695 866 988 434 340 669 654 410 758 269 276 846 610 516 714 322 398 210 499 762 662 69 266 258 669 111 114 494 931 666 15 122 143 93 913 39 373 157 1 277 437 328 398 225 312 881 220 278 412 422 832 955 523 652 756 449 43
373 5 578 188 606 694 683 402 679 25 862 170 658 8 994 113 136 578 372 5 2 295 930 890 372 17 223 382 746 596 7 783 356 340 26 690 292 385 22 940 259 513 89 578 422 619 849 810 75 969 48 943 658 407 480 354 956 983 900 244 496 683 520 768 194 274 704 834 622 803 875 12 514 147 702 388 814 220 318 386 71 301 519 834 876 4 406 507 238 943 867 806 341 153 320 386 662 100 997 575
307 538 493 710 322 81 503 582 153 281 895 290 303 81 400 958 954 866 645 771 449 336 706 188 704 408 222 774 1 237 435 70 278 89 956 895 164 278 423 201 26 601 238 227 763 687 121 137 489 299 756 782 325 51 180 128 811 555 538 876 102 660 526 557 700 704 316 566 867 391 200 924 922 663 368 190 960 989 508 393 768 522 664 784 934 732 732 518 504 979 604 380 229 115 527 729 638 83 350 787
43 269 228 371 469 837 704 681 371 542 4 72 228 619 404 226 608 796 651 744 627 184 860 550 557 857 631 451 897 716 751 398 533 581 247 751 420 271 308 338 293 743 148 730 56 842 889 842 859 242 550 480 447 526 712 281 183 181 365 351 306 953 246 285 169 463 701 458 83 675 326 797 618 755 133 74 348 720 988 179 371 212 762 35 681 613 770 815 846 498 504 679 417 677 60 499 631 834 435 791
49 892 86 540 170 669 830 758 977 307 624 143 554 531 944 97 832 170 676 627 411 259 970 723 781 507 315 451 424 767 737 516 230 110 547 195 953 655 553 430 314 400 405 66 660 483 640 831 17 431 136 126 715 846 899 7 470 452 651 273 404 686 169 604 944 121 187 429 281 521 132 139 754 280 390 640 868 680 688 585 498 79 532 905 435 568 110 986 942 131 69 121 80 60 466 743 427 493 632 438
650 703 100 1000 125 563 409 999 176 839 638 832 835 514 981 776 702 526 967 569 375 535 453 409 418 486 851 278 47 379 300 296 397 62 876 729 859 576 811 608 306 933 281 228 334 98 152 385 788 152 985 414 73 806 757 929 381 862 583 397 872 105 905 984 707 481 961 201 687 34 920 36 264 705 552 122 23 484 837 454 678 570 301 797 872 879 424 65 522 405 247 26 998 708 408 575 268 860 964 160
577 475 984 904 310 10 212 94 787 167 316 202 396 426 793 531 622 271 649 457 219 324 258 798 910 179 405 566 217 181 233 377 823 522 447 571 591 101 126 831 260 766 687 341 310 1000 290 594 870 751 403 662 177 637 636 424 321 62 913 846 747 825 309 440 164 516 365 418 438 778 938 16 700 751 640 262 779 218 11 206 59 813 605 441 231 101 883 819 201 55 634 132 254 779 496 660 109 996 316 724
51 335 312 327 644 262 885 459 732 617 397 578 288 551 147 804 616 370 58 22 483 477 486 624 151 552 263 712 878 5 507 906 825 123 939 782 237 712 534 793 513 767 898 650 908 51 614 622 328 652 81 565 849 604 649 845 893 181 744 136 690 868 179 907 142 402 426 677 582 877 981 274 13 302 141 908 613 464 322 39 42 148 155 773 392 569 777 993 799 975 332 172 802 361 967 6 754 17 143 914
990 275 274 305 265 541 508 943 93 226 55 683 415 633 585 479 729 495 777 510 247 49 102 90 472 741 632 950 992 757 944 36 43 525 26 700 319 687 729 917 345 269 868 669 878 453 263 153 865 223 863 577 985 903 355 77 881 354 635 917 323 152 37 310 233 754 920 366 263 892 663 484 478 464 575 454 814 466 232 117 683 501 5 750 887 163 861 835 346 291 527 536 185 985 635 329 291 983 543 361
741 791 71 179 433 179 22 378 374 317 677 148 930 384 120 512 109 44 948 836 684 363 193 4 430 631 303 207 320 756 272 536 355 577 625 103 568 720 164 694 975 172 587 918 618 139 210 874 279 473 933 852 907 870 381 245 576 933 285 722 564 216 204 39 363 62 410 725 859 719 321 195 467 750 147 598 927 204 998 649 209 51 678 865 499 387 165 805 635 348 173 15 148 302 423 836 51 583 674 788
823 798 131 930 758 680 101 371 106 482 728 482 104 24 688 184 37 406 88 405 124 320 244 150 508 620 372 452 218 46 938 690 683 952 975 951 333 448 249 764 893 298 660 165 795 684 928 275 645 716 86 343 701 178 865 928 951 665 495 607 134 447 555 373 766 472 886 817 310 284 832 187 326 769 639 402 847 868 462 992 78 954 492 605 660 935 519 486 885 99 209 764 197 167 24 107 990 758 620 141
618 121 53 959 802 742 185 189 920 577 903 906 879 47 738 852 713 989 125 273 924 476 636 268 675 42 284 178 94 614 19 309 541 630 600 912 30 508 724 953 531 925 330 731 879 179 87 369 167 344 513 388 608 308 588 769 886 138 952 391 335 168 815 544 687 452 77 873 603 492 639 102 94 168 234 235 138 963 437 523 561 419 329 338 576 162 880 836 792 886 954 699 694 369 253 852 302 602 832 547
15 703 554 144 535 207 602 508 682 208 910 513 993 304 248 559 866 510 663 561 257 114 122 972 200 730 314 644 491 11 575 694 951 886 539 37 476 99 419 261 848 144 237 704 702 956 768 872 749 608 233 334 989 78 584 248 640 795 596 489 86 311 123 366 214 428 256 657 916 324 306 38 350 601 260 787 993 755 857 679 238 983 444 898 608 623 623 238 148 306 69 284 622 3 271 952 316 774 250 84
266 628 234 101 319 364 864 873 934 44 992 275 758 443 914 6 856 628 137 229 969 57 339 699 326 709 297 404 873 77 281 330 449 375 339 51 765 216 317 661 671 279 198 292 301 468 763 166 118 182 456 354 414 615 441 194 126 995 125 836 150 283 565 43 906 925 88 312 116 289 897 379 136 278 593 988 9 532 264 762 995 299 885 306 532 272 331 378 739 197 719 668 72 690 627 944 831 908 232 665
700 141 864 228 56 3 918 755 128 183 126 137 73 893 123 942 107 526 663 301 559 474 726 64 385 122 682 615 609 834 444 545 956 645 998 390 758 180 324 434 516 587 369 193 348 77 84 236 277 523 562 439 602 539 737 754 628 442 349 72 772 909 745 232 414 576 178 96 932 861 879 824 324 464 779 728 893 301 864 331 628 824 987 634 335 119 991 264 903 139 964 508 236 549 895 54 829 741 932 138
328 356 93 376 474 270 666 746 628 23 773 808 598 887 580 276 754 425 397 440 346 989 109 989 650 842 130 553 753 294 160 608 378 19 254 155 422 468 61 757 196 844 765 94 106 592 928 199 852 393 871 498 329 33 307 60 444 33 570 881 982 891 917 638 244 291 96 759 615 874 89 476 255 996 608 90 101 625 736 378 208 971 482 117 847 306 714 504 973 477 937 729 154 242 466 702 5 509 172 762
868 156 612 957 533 843 898 163 402 607 169 566 788 953 281 44 280 886 804 801 399 157 261 551 466 550 416 26 993 859 346 420 726 599 585 152 340 889 48 287 370 163 321 650 577 409 458 716 27 645 111 57 312 986 793 876 992 369 537 65 68 571 573 496 515 767 700 776 805 835 983 708 937 840 871 599 188 722 664 843 576 423 924 50 832 868 342 861 477 271 734 21 268 509 869 373 1000 353 712 439
415 50 818 672 64 944 22 902 485 599 560 845 606 956 524 797 231 31 870 372 304 673 153 469 752 891 141 756 171 425 312 824 279 696 961 222 500 505 899 930 471 151 197 105 818 672 611 804 105 982 654 341 120 164 412 809 633 925 174 810 828 23 416 316 502 848 661 501 984 776 124 444 804 954 192 840 585 355 315 366 779 794 348 436 390 903 792 602 147 23 850 828 288 53 789 938 650 88 287 536
495 783 491 428 326 990 604 171 685 808 326 178 780 706 37 871 544 910 596 227 754 55 772 38 518 128 676 70 903 45 246 682 874 294 214 585 840 90 547 806 429 368 375 147 854 217 76 209 242 455 278 970 657 165 806 671 60 313 807 723 603 438 273 333 278 356 454 795 335 349 307 180 256 92 884 514 583 446 710 945 325 691 563 756 917 369 271 761 83 17 807 256 34 962 287 857 471 602 719 531
981 4 371 595 993 144 139 107 844 203 497 784 529 944 358 151 454 984 681 38 28 253 174 333 237 539 917 595 327 61 224 780 981 377 578 496 967 649 256 832 412 42 98 679 951 423 448 887 370 198 450 226 560 961 222 576 999 651 500 452 486 628 599 841 317 579 466 696 136 61 443 27 384 772 388 478 683 303 174 624 308 84 378 915 517 975 693 599 385 185 413 873 874 450 946 687 769 203 501 0
29 843 620 944 704 519 935 457 729 394 153 56 514 337 674 781 365 21 10 810 751 448 454 330 410 662 944 34 41 280 670 53 215 201 897 317 596 718 775 729 220 393 910 286 513 738 432 809 367 358 18 648 81 908 33 553 127 832 515 933 951 482 396 566 641 19 968 578 871 752 388 114 736 512 802 100 851 155 493 268 37 136 637 215 833 578 474 530 58 355 742 793 61 401 888 501 472 645 938 924
364 746 618 310 475 308 779 958 823 490 809 378 266 835 307 75 988 713 650 795 663 763 797 290 125 336 667 944 292 73 263 54 129 749 439 329 663 56 180 700 275 401 923 798 32 978 388 291 777 244 96 644 776 660 751 850 868 262 238 584 298 544 16 483 433 935 997 680 686 803 35 877 794 354 869 396 706 695 472 449 437 691 66 451 451 633 702 227 739 640 405 187 837 686 391 791 346 452 531 901
847 469 798 999 49 581 171 453 283 256 394 484 924 896 628 112 636 623 507 640 68 844 989 48 729 501 291 346 705 91 100 934 941 802 713 850 53 332 218 345 803 814 809 158 802 723 975 659 323 528 76 242 59 473 369 170 527 651 987 865 633 345 307 339 694 761 364 880 69 88 908 144 403 270 659 57 5 752 229 1 1 986 340 261 491 838 128 374 306 207 68 925 307 435 359 816 122 451 943 66
62 189 795 150 329 266 489 872 363 569 981 475 759 680 446 259 393 909 103 779 292 132 249 783 291 109 746 168 844 439 160 543 16 218 517 541 654 939 892 25 843 587 219 436 80 816 353 170 956 536 576 505 864 933 115 870 535 646 675 269 578 756 591 253 225 143 329 854 956 753 66 668 830 702 840 572 236 479 281 175 100 233 804 115 176 875 469 687 806 361 491 484 471 492 550 620 683 93 628 789
165 545 52 417 632 792 389 586 504 309 556 190 133 525 119 289 400 718 742 196 570 874 76 178 835 147 111 415 532 375 375 436 770 789 502 68 713 378 626 209 767 649 746 97 210 66 512 797 789 913 640 155 642 219 847 82 372 524 879 261 406 338 415 557 911 94 74 599 552 377 824 154 537 682 766 351 685 67 194 202 167 581 100 284 1 543 321 762 547 867 154 596 441 205 668 63 876 439 896 833
344 83 285 852 868 3 375 829 548 953 10 973 384 167 670 150 474 487 151 374 865 392 185 212 159 974 568 792 846 281 773 626 389 411 468 67 448 225 215 732 539 128 632 110 104 200 998 301 173 253 468 189 651 776 162 653 226 726 788 248 54 897 131 381 586 130 628 486 953 415 323 826 522 935 68 89 875 204 243 738 67 633 631 188 179 918 627 597 841 812 745 832 369 63 575 240 76 17 560 359
311 572 313 767 970 842 433 439 61 383 867 448 227 813 771 567 587 990 775 163 414 867 616 658 388 98 91 304 120 541 193 12 361 390 294 61 346 81 473 217 482 785 211 557 766 264 819 796 72 866 567 701 237 791 209 88 45 52 909 282 663 457 714 109 575 370 521 200 277 343 832 803 680 161 534 69 466 776 640 18 867 48 961 508 608 436 881 613 600 945 985 413 849 629 639 794 806 60 4 601
409 141 492 918 230 726 625 338 37 954 394 709 821 917 996 351 157 310 710 438 624 833 697 244 448 754 232 172 633 439 612 799 870 982 673 108 669 808 728 234 343 375 888 524 862 571 633 582 513 101 243 300 378 671 256 763 571 841 390 284 814 165 447 968 439 196 549 84 797 918 545 417 190 762 106 916 758 507 976 7 1 233 881 780 996 192 757 406 884 869 150 72 251 948 781 706 185 107 524 510
402 972 944 579 609 627 715 942 408 956 41 27 951 243 2 506 953 488 577 966 214 837 475 118 194 249 409 358 984 720 662 408 64 211 251 171 132 902 354 139 361 798 111 732 161 83 567 285 412 448 535 281 285 983 574 517 142 758 455 810 297 324 29 252 170 893 578 168 445 307 48 404 960 456 618 572 81 89 100 813 85 27 222 692 369 145 187 326 529 523 815 741 792 724 410 98 958 974 71 510
771 374 613 492 817 912 433 284 372 762 270 379 511 840 502 487 144 661 133 839 933 560 201 144 544 795 488 552 729 251 182 707 951 446 525 0 575 198 162 144 444 578 758 599 645 753 584 227 971 427 822 331 629 335 808 80 210 532 980 871 726 400 170 15 500 435 28 624 534 277 148 887 387 924 110 794 762 221 620 38 311 356 513 996 917 66 593 599 786 148 525 268 639 368 726 160 277 490 779 668
547 742 48 197 835 727 392 124 526 741 907 119 171 403 468 24 775 403 261 79 140 468 858 288 809 99 95 461 569 420 938 702 440 727 52 99 903 814 570 202 729 398 928 310 816 649 795 6 556 377 221 636 549 646 525 172 902 853 481 445 625 221 847 617 920 47 136 215 628 233 795 140 724 917 928 229 448 410 678 597 122 761 638 334 235 600 891 599 845 714 403 450 254 771 712 484 86 814 596 670
689 474 160 70 769 133 802 95 213 933 765 856 919 672 560 544 356 460 867 776 983 885 473 661 539 548 942 82 954 249 474 757 993 39 822 700 54 446 906 225 159 132 83 945 230 147 53 773 477 940 2 839 782 637 201 655 806 410 112 19 466 607 309 385 927 601 933 480 804 353 692 504 85 127 233 775 941 214 21 855 802 566 181 61 271 999 806 355 967 520 935 685 212 193 620 117 702 320 493 678
252 522 693 825 87 555 778 328 344 296 843 567 199 850 239 818 661 67 316 258 977 108 516 659 148 204 312 994 395 537 652 345 873 353 438 276 928 613 110 667 57 707 229 248 112 814 228 296 256 877 377 279 830 642 99 354 83 205 740 990 291 979 526 975 64 360 178 854 897 860 966 488 411 363 484 993 199 685 336 66 365 735 630 701 685 548 53 916 403 404 662 31 433 580 142 936 459 799 824 512
778 710 61 222 348 970 407 727 211 949 890 563 896 773 19 93 976 6 664 614 621 776 955 382 943 99 662 980 906 459 736 10 110 597 161 667 327 798 927 299 265 316 535 854 100 434 271 759 325 542 545 397 165 961 132 446 454 497 872 550 853 178 242 290 595 108 620 771 389 823 133 249 548 760 941 930 342 256 984 256 969 356 632 251 380 951 517 393 192 270 353 543 176 892 885 796 579 188 14 264
547 672 893 8 317 833 46 728 286 294 59 130 583 71 529 411 244 201 195 7 73 340 209 259 749 679 444 736 888 556 494 752 293 296 685 577 496 3 936 333 100 515 488 669 952 812 578 693 302 613 711 608 650 366 354 343 355 812 159 879 193 504 126 583 743 681 499 846 230 904 573 511 578 894 180 711 415 22 250 462 596 445 516 207 997 685 442 611 265 108 69 877 594 362 960 687 149 134 115 564
117 536 167 37 651 62 265 126 150 18 748 460 355 57 717 657 165 324 741 486 657 888 511 958 668 985 337 191 925 572 998 96 388 627 911 411 82 159 905 134 918 284 41 586 440 899 423 222 11 847 384 514 121 905 939 131 946 553 109 530 752 686 418 103 897 30 375 459 65 563 561 40 253 536 586 813 533 91 964 509 498 62 143 300 407 488 991 107 852 96 365 381 167 192 501 686 288 473 529 7
157 818 881 40 719 116 75 280 646 232 130 622 384 115 258 301 541 131 948 876 517 707 165 119 480 731 603 386 643 208 401 455 20 300 388 44 57 254 845 9 831 378 916 207 797 534 548 148 888 536 868 88 339 57 652 280 167 734 809 227 313 174 213 294 753 265 320 236 596 317 160 85 143 420 15 115 97 73 125 714 832 14 671 229 168 664 15 434 688 902 653 799 844 770 261 705 694 83 997 485
808 217 99 248 314 30 85 850 665 205 492 64 139 816 894 994 511 937 994 168 299 931 980 992 247 800 899 188 684 376 467 257 499 644 654 560 99 988 28 364 88 870 553 364 681 460 986 312 576 134 781 673 835 611 816 882 681 556 269 397 224 270 576 351 235 343 254 582 808 864 758 686 320 147 128 17 407 928 378 951 598 746 710 602 954 571 107 17 456 711 653 14 884 133 276 631 175 716 331 73
489 87 237 490 431 611 681 613 622 252 483 155 139 32 891 476 323 878 929 791 297 835 892 139 514 276 171 36 201 153 920 656 299 575 702 59 560 433 268 521 728 499 295 570 835 176 887 647 469 43 548 340 104 334 937 73 633 725 847 516 531 542 404 384 94 228 694 284 17 718 696 508 82 183 690 411 59 865 950 131 61 76 766 413 20 196 394 69 688 432 633 904 739 713 35 200 341 239 737 702
199 264 883 942 720 269 412 977 509 59 39 79 304 629 721 77 113 952 567 21 126 491 250 941 769 950 114 886 336 250 576 177 268 959 358 415 333 718 851 704 519 267 951 611 424 979 676 585 30 483 458 866 410 197 324 282 562 812 873 945 512 541 562 227 1000 56 839 140 746 620 639 205 385 82 424 331 387 274 328 386 313 844 422 549 765 805 701 215 139 881 538 779 945 445 543 440 455 125 614 70
557 47 262 329 384 897 173 335 804 570 193 808 684 442 178 41 680 718 182 559 969 311 165 417 428 598 776 221 22 809 680 166 98 819 258 504 924 674 583 422 43 370 734 966 907 216 368 897 975 894 785 597 91 465 907 856 844 447 373 222 685 457 110 968 270 114 102 131 741 546 236 939 795 254 938 101 340 256 872 449 654 874 984 285 991 522 891 614 299 942 921 591 238 929 852 96 270 133 923 248
831 790 664 601 560 565 345 650 277 873 324 303 837 712 867 725 625 77 425 544 741 832 128 320 484 630 414 585 547 997 836 586 292 262 878 756 885 128 477 222 180 328 106 246 227 70 650 984 196 263 587 618 616 884 656 790 114 951 470 177 559 787 365 559 601 312 902 469 599 263 788 7 944 448 70 243 270 515 46 978 173 362 584 143 172 82 471 572 865 227 224 927 719 486 552 773 916 361 63 642
304 274 110 21 93 946 948 736 95 612 44 311 867 86 676 188 936 980 209 788 994 289 217 744 622 156 364 167 639 755 200 966 456 813 173 282 475 532 106 263 260 568 111 440 990 699 856 466 721 304 833 710 338 453 506 182 842 735 321 849 501 472 911 708 661 780 333 886 109 323 336 227 557 896 538 354 941 931 923 748 506 207 207 183 82 74 913 485 647 53 439 957 521 236 979 710 808 274 488 9
483 91 785 826 398 75 52 490 786 276 757 256 802 735 799 679 297 375 484 329 412 1 401 22 913 917 358 30 72 674 0 898 696 0 737 861 965 311 889 734 104 264 328 570 909 152 837 769 16 838 721 132 368 407 126 757 600 189 347 583 593 851 372 280 347 983 428 166 595 390 461 701 456 46 158 177 513 520 192 736 292 129 72 132 72 516 191 155 116 807 170 139 420 543 39 731 84 250 109 17
50 758 680 621 709 487 380 672 650 272 333 644 136 411 848 86 509 244 571 149 42 882 550 357 250 291 443 638 404 787 841 653 480 394 398 882 100 191 499 44 669 396 21 351 746 534 41 633 603 420 689 347 303 111 783 248 64 624 138 823 965 888 439 421 466 975 420 260 453 642 69 271 830 185 358 974 870 877 439 741 348 388 222 960 195 54 882 513 233 751 75 743 403 42 441 98 159 836 134 664
557 27 447 38 292 949 405 335 119 24 743 764 315 884 992 559 552 945 860 569 829 651 301 782 422 640 217 896 901 536 952 3 618 246 721 712 380 175 9 282 364 797 92 3 194 864 531 546 450 477 44 211 153 807 550 172 634 203 396 396 330 893 800 165 717 144 133 558 705 945 281 910 636 821 775 611 461 466 82 47 795 810 760 690 247 345 541 915 28 842 338 429 812 892 48 157 461 782 734 38
190 175 850 58 959 782 460 277 21 83 224 386 502 613 308 685 271 508 926 291 94 242 487 100 793 969 729 666 327 821 272 834 237 923 848 1000 301 57 938 768 557 50 418 630 341 58 397 36 903 96 982 770 457 79 501 257 471 40 64 532 403 557 559 740 614 118 570 762 472 766 412 737 973 309 436 447 485 782 231 506 490 983 492 237 88 123 481 255 350 324 169 453 348 705 312 973 33 184 853 572
905 858 799 919 48 363 113 108 394 790 306 855 273 363 631 284 414 238 638 51 561 928 928 816 446 238 719 777 354 732 758 788 334 314 1000 496 731 4 707 192 990 535 684 536 129 705 343 984 726 378 665 919 624 375 415 818 849 216 938 880 213 373 319 280 405 973 506 684 55 887 357 57 367 107 458 154 522 848 683 981 591 769 142 497 690 621 541 329 950 401 62 929 68 328 515 889 425 621 15 326
24 483 97 70 554 984 714 433 266 756 586 350 82 525 586 943 14 509 165 127 736 785 183 160 743 198 836 528 417 286 839 4 742 534 904 357 501 558 945 843 196 493 788 447 210 226 397 663 272 87 486 571 959 838 751 485 157 99 693 851 517 930 695 831 670 670 386 210 254 813 704 918 342 758 396 549 410 823 132 761 772 43 487 217 51 113 706 638 946 804 774 74 610 437 572 538 481 294 987 807
614 43 427 176 11 731 29 561 363 590 120 977 267 950 723 95 942 55 819 519 614 518 308 907 940 588 588 180 882 653 945 794 927 578 691 503 857 649 190 853 567 804 400 938 393 736 564 667 802 593 492 315 258 450 957 863 435 121 486 609 790 519 864 156 954 316 950 253 762 232 428 320 806 490 172 554 471 849 889 103 555 443 715 56 198 611 381 724 190 450 524 697 320 476 246 641 926 448 831 53
88 769 945 506 462 847 65 677 248 486 53 584 92 552 78 482 706 443 978 289 913 589 966 828 281 227 45 862 153 710 865 809 740 909 836 90 48 155 862 190 717 10 126 787 744 701 29 325 741 896 112 781 98 776 625 81 851 890 184 189 632 307 568 697 420 409 67 603 883 683 491 135 995 775 429 811 432 7 949 391 846 609 529 397 361 375 933 386 255 469 597 611 381 208 64 9 962 990 57 823
637 68 32 819 682 86 424 796 504 95 768 857 80 398 952 423 124 21 277 270 529 316 581 687 588 384 570 567 77 440 747 301 416 429 409 288 999 717 121 390 62 928 269 556 690 7 350 578 675 612 660 254 713 302 204 548 304 704 891 770 730 331 234 129 507 17 729 490 484 566 122 618 429 274 324 203 552 678 155 468 98 124 205 306 362 836 414 88 220 641 204 543 571 458 860 566 387 397 493 287
174 329 481 265 460 337 901 658 621 830 251 93 665 430 359 521 726 632 598 991 294 81 814 568 157 461 445 652 655 817 165 94 181 524 286 11 372 922 918 276 256 28 269 847 124 547 253 612 894 369 146 241 144 829 814 217 508 295 91 952 608 964 404 58 926 808 981 951 139 23 508 423 310 916 482 883 838 879 960 886 429 425 292 376 357 903 793 209 427 996 777 160 354 926 518 478 684 446 874 239
931 646 408 342 757 593 268 886 286 808 747 290 76 202 11 125 865 798 808 931 399 681 538 169 844 762 30 353 482 77 639 914 847 106 629 221 404 195 403 419 551 80 188 238 446 832 716 390 527 344 429 557 36 409 863 761 777 457 2 226 468 118 536 810 890 668 339 449 801 907 502 78 815 988 752 559 770 174 246 950 571 976 108 242 217 796 405 235 595 748 844 905 15 79 97 853 355 724 453 35
700 940 903 203 946 729 294 763 347 273 453 333 50 937 552 955 562 436 973 273 551 509 833 233 489 39 983 302 704 818 548 460 736 836 951 554 729 208 726 599 555 659 232 494 739 815 801 788 902 690 792 863 493 0 189 251 928 418 797 669 951 128 671 424 240 63 748 951 656 83 322 674 926 35 790 143 51 505 267 509 39 520 434 21 65 225 124 198 149 208 242 846 207 510 702 362 186 715 438 366
274 326 238 287 119 523 970 440 536 826 140 337 186 513 37 261 144 22 268 84 459 764 945 421 818 292 658 134 600 554 280 112 891 284 942 167 76 841 762 932 756 943 438 385 808 774 743 747 664 434 996 713 981 663 879 360 921 692 94 744 41 633 791 183 650 57 847 402 873 910 144 900 281 879 59 535 420 119 514 799 253 292 148 214 355 302 200 163 786 19 408 564 866 584 801 794 906 975 527 19
145 401 762 86 399 379 952 57 185 133 559 789 5 522 726 583 325 632 717 865 827 600 907 392 479 227 361 827 385 70 404 757 197 744 418 438 900 540 258 274 526 561 855 673 435 975 392 183 656 980 321 219 341 879 739 609 904 961 969 382 617 259 577 322 735 773 79 819 439 201 309 771 590 367 340 697 143 325 855 723 297 567 317 123 621 597 834 908 796 78 203 621 605 702 121 141 945 405 770 600
57 597 659 253 882 870 601 654 396 931 303 851 435 680 68 68 628 97 576 656 109 534 664 267 111 683 171 86 27 585 470 930 747 740 821 410 764 760 726 577 754 647 233 853 346 818 412 951 875 843 417 540 853 639 577 644 699 797 376 177 595 27 680 5 332 609 578 362 352 276 642 288 267 545 448 253 846 131 547 163 825 855 77 269 678 837 983 72 215 930 41 954 225 751 963 274 908 877 790 583
535 931 425 196 903 538 93 202 899 529 350 828 351 602 0 768 918 380 438 663 448 571 415 656 985 885 462 25 652 257 46 3 645 386 594 543 883 335 651 552 433 570 970 229 32 94 134 433 422 897 49 101 240 724 745 17 378 449 335 194 451 420 225 683 491 871 323 687 515 8 228 793 262 450 906 379 319 423 45 425 393 82 300 648 213 85 30 401 564 316 802 700 856 2 878 694 938 575 949 480
999 403 617 540 193 648 453 964 393 486 992 918 366 593 285 470 969 246 115 997 402 499 510 321 199 522 226 319 684 781 623 779 322 992 578 446 255 428 244 97 390 710 168 654 514 383 179 584 0 323 271 247 785 404 943 274 522 568 480 542 386 705 464 621 10 164 293 597 291 710 75 684 709 801 778 351 557 498 527 784 55 401 216 599 707 373 535 99 616 84 754 937 121 562 356 31 794 824 283 619
415 973 48 682 34 891 740 26 34 28 242 331 118 433 636 380 596 210 50 186 17 304 59 970 408 701 848 532 699 221 807 152 113 850 447 145 983 641 839 693 345 804 716 18 500 764 884 606 589 31 996 280 340 700 112 778 204 241 343 658 429 950 749 120 171 920 437 359 869 570 75 0 881 804 53 117 455 824 335 902 695 485 717 96 493 261 51 311 640 162 585 477 378 65 782 425 190 536 644 650
113 469 425 198 502 135 163 754 452 11 46 767 857 289 355 916 199 984 350 358 458 121 173 167 880 176 593 605 961 309 670 182 965 151 108 729 811 590 987 341 289 261 208 851 183 671 719 234 470 442 570 664 438 708 448 552 745 264 125 750 423 816 685 762 866 685 507 943 366 944 54 864 911 669 72 311 688 396 620 312 670 236 627 923 993 976 954 37 714 261 462 121 727 955 437 537 432 725 179 138
624 986 670 482 891 196 447 814 394 830 397 778 922 130 91 102 334 854 810 472 451 773 646 348 867 315 799 146 894 751 341 738 328 844 114 385 384 610 671 895 165 519 817 390 528 185 472 474 818 388 545 202 251 203 734 305 445 235 235 951 227 565 222 772 660 980 159 124 173 889 574 799 195 299 772 572 57 342 883 780 306 14 533 539 1 687 195 721 842 804 516 711 50 752 925 480 593 935 517 343
642 891 359 218 386 67 264 885 40 967 274 150 689 131 234 299 146 952 417 231 455 189 95 602 831 103 649 737 878 386 298 355 138 616 16 835 974 961 563 50 153 247 239 639 140 625 346 198 480 915 137 466 542 810 360 758 410 379 31 306 813 706 135 898 945 257 885 121 442 81 935 700 837 80 807 932 995 872 578 842 286 895 271 984 770 151 615 750 976 62 566 386 383 592 633 868 134 674 33 225
263 68 292 173 163 277 238 424 76 829 498 436 483 599 785 535 217 205 175 909 109 315 558 130 328 680 692 995 707 912 83 46 618 418 857 675 19 735 596 511 499 116 284 656 930 167 217 438 409 72 552 899 930 962 48 902 631 727 828 519 154 32 796 196 997 734 603 40 556 603 851 484 789 223 347 343 579 613 723 281 868 838 913 256 605 526 704 502 567 955 721 765 248 378 493 386 826 623 973 357
308 500 912 120 995 367 0 228 561 169 412 683 57 976 517 945 700 567 402 798 631 229 534 348 339 8 177 97 886 741 284 616 263 745 9 506 428 460 544 607 469 270 976 995 168 682 211 888 960 990 683 97 34 770 629 247 888 525 765 735 897 245 771 535 523 418 443 489 537 662 264 923 142 856 311 895 72 356 900 78 457 46 423 521 499 977 682 603 630 683 363 499 827 557 4 552 382 370 399 13
